0.35109795613510164092
0.34039445478850277604
0.48820249306909285769
0.30307837789633007564
0.35422984938978729907
0.35737132316011654964
-0.0032106224641302054043
0.034278990087656155406
-0.072389748424036073904
0.0097129555228343423395
0.021752017029478886573
-0.013928179171384910337
0.35144500821977497917
0.32918540561906428632
0.43688217636205201044
0.48837638863523780142
0.37027458312267158558
0.3625564560314102347
0.48108550266416094665
0.44005545037980131617
0.62920318073275527393
0.75575618390195564711
0.53152003242019163487
0.50291621073359582539
-0.19764914318351683997
-0.17020694657935078742
-0.26870090575173655179
-0.33347315011265277196
-0.21620241159538997056
-0.21025783742129322551
0.18414651861128400467
0.16586821181276759085
0.28050012652962341697
0.32109074478248800233
0.21070068357441454343
0.19473353238165871937
-0.36114643188017619968
-0.37141727091549520123
-0.28804321683423644851
-0.41340197837049647012
-0.35952709300070012644
-0.35506892726875710631
0.018917282305476061655
0.056561769820734082714
-0.087162015701130204914
0.029132017882534229358
0.043172647689810932092
0.0081177567157091172489
-0.35528425911708683138
-0.34877812537775432222
-0.22475791748534276748
-0.28387417248292734495
-0.36946287752870299315
-0.36094120442806365556
-0.48527617779580795032
-0.46124908373882256285
0.091377287026465775499
-0.13718709961893657545
-0.52029340261267309486
-0.50050482520753403204
0.2018336924937879362
0.19756561490948140736
0.060061983477097832806
0.12366563575429931343
0.22222344725999301773
0.2073711285887608613
-0.1870203466478216614
-0.1734342800018830455
-0.068000906521251847092
-0.11122096405342948855
-0.20024783336488843899
-0.19463633936656121737
-0.18724473828617904658
-0.00022421096462739027711
-0.10732541473640533347
-0.034139806030222381861
-0.2002956916346798899
-0.35090387878059420279
0.030092880813329815626
-0.44811857360897899838
-0.087956322813513510006
-0.35227357864946717836
-0.014771068483039476518
-0.35204419358734573287
0.35553150525730958798
0.07347028543437841841
-0.07332598376826873765
0.0082971059684949898666
-0.19961459603563863618
0.20732407359723914464
-0.017237703553089296638
-0.13692230320533738119
-0.19556064073524584424
0.035239803375561574994
-0.44720361526349283743
0.25010368243982949998
0.50920696709711754657
-0.021280196565887064125
0.5088799833705515141
-0.51388845069657118625
-0.33906441751119476002
0.34984576612531964601
0.0066273696932084742717
0.21415205617121718662
-0.21884823230865119159
-0.0055499128057225613139
0.28046769194917015033
-0.1910756824771490392
-0.10450356610541063074
-0.0036522106582344846318
-9.3681823920327092102e-05
-0.097579649485499977968
-0.0035570772354864862823
0.00085717019654125406383
0.00034344359687073032885
5.5648890287080480111e-05
1.5545982272597031982e-07
-8.1389654433257425568e-05
4.1065766273729758552e-05
-2.9707066239776854327e-06
0.28229310102790428072
0.3873474988954563325
-0.033889857959829378098
-0.0020805658646436317981
0.0027660749105881169384
0.00030741585214253108185
0.029841287725165255296
-0.0037709287482659719672
0.34124230996444898656
0.011160639933143602295
0.0021115477537837407974
0.00066698493463830004543
0.35737153895395928904
0.35977897304287476121
0.35413228142843111712
0.39067271909756501325
0.36362444747090477692
0.35109780115133554235
-0.013928386727468782327
-0.049777871645820995217
0.060447156951148918458
-0.034991756774827298404
-0.039860259547005012781
-0.0032103193114020132232
0.36255570536378739499
0.35551919881479504548
0.32990801562570298833
0.31257150444585202198
0.36305778531028404243
0.35144446854280314563
0.50291592333678825089
0.47475238782072870514
-0.13396137249447079287
0.18311791514536399084
0.50283011514977571377
0.48108529882314127191
-0.21025917254010023649
-0.20438155556874926244
-0.15281390904376079831
-0.15618254166330020061
-0.2136508086678390872
-0.19764913641232284558
0.19473349629200342736
0.17876432343463499741
0.18331255861984208089
0.13671883661557171497
0.19192938999599046257
0.18414743585234558121
-0.35506913625307512383
-0.35224995557946897629
-0.44476618775452575472
-0.32020655227144195765
-0.35017797121516353043
-0.36114626158499213426
0.0081180427534386038341
-0.027658247414449159407
0.032620982664678624396
-0.012277452717144256636
-0.018572219106479118111
0.018917031663869137564
-0.36094197327032945255
-0.3409336794778808355
-0.41744807215222162755
-0.48226520314330534323
-0.3623984967466560847
-0.35528478086257203605
-0.50050511622853444127
-0.45979471765026047603
-0.59834790506447965708
-0.74329044969604662896
-0.50969807869972949543
-0.48527637779979504451
0.2073710318857154844
0.18024588341112993128
0.25418784936870897351
0.32588185667649405275
0.20617474500202309651
0.201832699166270918
-0.1946351038789673471
-0.17750293353973820021
-0.25997476374705780211
-0.31611317399325933319
-0.20058734250875415173
-0.18702046712572148457
-0.17452955534563169282
-0.001818039429593953319
-0.10378947471033665717
0.018910144784245300903
-0.28557592973151185722
0.38051084134362178624
-0.13379382751855586897
0.46862015487395758395
-0.27824504036225389259
-0.51316599508780946781
-0.02086215438541867695
-0.51287565450670702383
0.51764875232741225375
0.34302753612139158523
-0.35374708064466686697
0.0072558823210395872322
-0.22847874638800458325
0.2337451666651907678
-0.006874497349211751776
-0.2901544825172114872
0.17554421700205480317
-0.12838542710663541913
0.47055609594802405571
0.081326665643882620205
0.30051335259020173218
-0.012291029416513355246
0.30033867557820925764
-0.30316686562674916017
-0.053351057357167733231
0.052840907570803404003
0.0071507357770866503133
0.16982575140718264572
-0.17651391235229005328
-0.015156581891755368033
0.11196147058637911931
0.18091848539115304439
0.0004064497122392353879
-5.0539571962989616853e-05
-4.5092021406405090482e-06
-0.0001887674762403263669
-3.7232024377106912602e-05
-6.9121881525873350583e-06
-0.097133321467232594526
0.0034138473043283808737
6.0729737074850048629e-05
-0.088725783883529377172
0.0032781745184418805902
0.00091755260226934038346
-0.0018651305109116628027
-0.0025691486858094836863
0.00029004723825659266051
0.25118711757288664232
-0.35920220289858029172
-0.030896900256304316024
0.035865931960588869065
0.0043956529326292775178
0.3115742455501562258
-0.010313466994541501537
0.0021135417494303827997
-4.4375443879808663191e-05
