0.35247716987640814734
0.38864300008222324445
0.43292161299916726014
0.36286734552576227486
0.39428348868250001624
0.35717257269996538493
-0.02785154351400395689
-0.07576435410641382817
-0.12254004743081052531
0.09695617681064862270
-0.04048280216257479219
0.00685111730419877153
0.34806008324315867997
0.33120252572389896617
0.31106489588041025263
0.33589425839080411240
0.26466439406421948810
0.34271239916337259412
0.34836351024799677711
0.30866400613979522172
0.26818006979877012652
-0.54572665049234203583
0.04296957133941486234
0.34477725336918069177
-0.14676360138953425949
-0.13218593266234038297
-0.11157137027157176812
-0.15586383925244029491
-0.05727483946910560259
-0.13786712302436171518
0.12790655894451277708
0.11116368297675827126
0.10459179215690668496
0.14150877570526779192
0.04590853848141075721
0.12782191348830745925
-0.35717257333012147891
-0.32027383979842050099
-0.29059795409030780844
-0.34654115474563795818
-0.31631366292487927971
-0.35247716710935755868
-0.00685112865185644095
-0.05429367898557987959
-0.10830083015097975718
0.11924281599738593973
-0.02006561976508733011
0.02785152195891635665
-0.34271261983060330447
-0.30161346305810154966
-0.25605028642396110428
-0.44708178756245792185
-0.36493015478328683088
-0.34806030351076222562
-0.34477720686111551496
-0.27880769755377010632
-0.21608810989536772484
-0.57274970037244843368
-0.38806990759632797872
-0.34836346373769061513
0.13786708397138611182
0.09936550771377888891
0.06457920324921592736
0.26430952801516871542
0.16135291503547705139
0.14676354265436894475
-0.12782183922354697914
-0.09116912641429608666
-0.05292953091906934388
-0.24868527331789072599
-0.14466271710305397824
-0.12790650513779902586
